 % Excitacion
% A_a=[1  3   0.5];
% A_b=[1.5  1   0.3]*1;
% w_a=[1  1  0.6]*0.5;
% w_b=[1  1  0.4]*2.5;
% Icc=[0  2  1.5];
% A_a=[0.15  4   0.35];
% A_b=[0.2  5   0.57];
% w_a=[3  3  3];
% w_b=[4  4  4];
% Icc=[0  0.1  0.1];
% A_a=[0.15  3   0.5];
% A_b=[0.2  1   0.3];
% w_a=[1 2 3];
% w_b=[0.5 0.5 0.5];
% Icc=[0  0.1  0.1];
A_a=[1.1  1.5   1.2];
A_b=[0.4 0.15 0.15];
w_a=[0.5 1.2 1];
w_b=[4 5 3];
Icc=[0  0.02  0.02];


tau=5;



%%%%

R1=50;
R2=30;
R3=15;

Ts=1e-3;
Tsim=30;

